100 3e-06
200 6e-06
300 7e-06
400 6e-06
500 6e-06
600 1.1e-05
700 1e-05
800 1.1e-05
900 1.2e-05
1000 1.1e-05
1100 2.2e-05
1200 2e-05
1300 1.8e-05
1400 1.8e-05
1500 2.1e-05
1600 1.8e-05
1700 2.3e-05
1800 1.8e-05
1900 1.7e-05
2000 1.7e-05
2100 3.2e-05
2200 3.2e-05
2300 3.2e-05
2400 3.2e-05
2500 3.1e-05
2600 3.2e-05
2700 3.2e-05
2800 3.1e-05
2900 2.9e-05
3000 2.9e-05
3100 2.9e-05
3200 3.1e-05
3300 3e-05
3400 2.9e-05
3500 2.9e-05
3600 2.9e-05
3700 3.8e-05
3800 2.8e-05
3900 3.2e-05
4000 3.5e-05
4100 5.2e-05
4200 5.5e-05
4300 7.4e-05
4400 6.2e-05
4500 6.2e-05
4600 5.1e-05
4700 5.1e-05
4800 6.4e-05
4900 5.1e-05
5000 5.3e-05
5100 4.9e-05
5200 5.2e-05
5300 7.2e-05
5400 5.1e-05
5500 5.4e-05
5600 5.1e-05
5700 5.3e-05
5800 4.8e-05
5900 4.8e-05
6000 4.7e-05
6100 4.8e-05
6200 4.8e-05
6300 4.7e-05
6400 4.7e-05
6500 4.9e-05
6600 4.8e-05
6700 4.6e-05
6800 4.8e-05
6900 4.7e-05
7000 5.5e-05
7100 4.7e-05
7200 4.4e-05
7300 4.8e-05
7400 4.5e-05
7500 4.7e-05
7600 4.7e-05
7700 4.5e-05
7800 4.5e-05
7900 4.5e-05
8000 4.5e-05
8100 4.4e-05
8200 0.000133
8300 8.3e-05
8400 8.6e-05
8500 8.4e-05
8600 9.1e-05
8700 8.1e-05
8800 0.000127
8900 8.5e-05
9000 0.000109
9100 8.2e-05
9200 7.9e-05
9300 8e-05
9400 0.000101
9500 8.2e-05
9600 8.2e-05
9700 7.9e-05
9800 0.000119
9900 8.6e-05
10000 8e-05
10100 8.3e-05
10200 7.7e-05
10300 8.2e-05
10400 7.7e-05
10500 8.3e-05
10600 7.5e-05
10700 8.3e-05
10800 7.7e-05
10900 0.000114
11000 8.1e-05
11100 8.8e-05
11200 7.7e-05
11300 0.000101
11400 7.6e-05
11500 0.000102
11600 7.4e-05
11700 8.4e-05
11800 7.7e-05
11900 7.2e-05
12000 7.2e-05
12100 7.7e-05
12200 7.2e-05
12300 7.4e-05
12400 7.8e-05
12500 7.2e-05
12600 7.7e-05
12700 7.6e-05
12800 7.3e-05
12900 7.7e-05
13000 7.6e-05
13100 7.6e-05
13200 7.5e-05
13300 7.2e-05
13400 0.000103
13500 7.4e-05
13600 0.000108
13700 8e-05
13800 7.7e-05
13900 7.6e-05
14000 7.5e-05
14100 7.2e-05
14200 0.00012
14300 7.4e-05
14400 7.9e-05
14500 7.2e-05
14600 7.6e-05
14700 7.5e-05
14800 0.000109
14900 7.4e-05
15000 0.000111
15100 7.6e-05
15200 7.5e-05
15300 7.7e-05
15400 7.2e-05
15500 7.4e-05
15600 7.8e-05
15700 7.7e-05
15800 7.5e-05
15900 7.7e-05
16000 7.1e-05
16100 8.4e-05
16200 7.9e-05
16300 7.2e-05
16400 0.000155
16500 0.000148
16600 0.000153
16700 0.000144
16800 0.000184
16900 0.000142
17000 0.00016
17100 0.00015
17200 0.000149
17300 0.000159
17400 0.000146
17500 0.000145
17600 0.00015
17700 0.000146
17800 0.000145
17900 0.000139
18000 0.000157
18100 0.00015
18200 0.00015
18300 0.000143
18400 0.00015
18500 0.000146
18600 0.000153
18700 0.000149
18800 0.000159
18900 0.00016
19000 0.000146
19100 0.000148
19200 0.000151
19300 0.000155
19400 0.000149
19500 0.000154
19600 0.000143
19700 0.000175
19800 0.00016
19900 0.000165
20000 0.000153
20100 0.000144
20200 0.000156
20300 0.000165
20400 0.00015
20500 0.000179
20600 0.000163
20700 0.000184
20800 0.000196
20900 0.000155
21000 0.000153
21100 0.000187
21200 0.000139
21300 0.000163
21400 0.000144
21500 0.000152
21600 0.000147
21700 0.000162
21800 0.000145
21900 0.000151
22000 0.000146
22100 0.000146
22200 0.000143
22300 0.000149
22400 0.000145
22500 0.000193
22600 0.000206
22700 0.000221
22800 0.000155
22900 0.000139
23000 0.000148
23100 0.000157
23200 0.00015
23300 0.000151
23400 0.000211
23500 0.00022
23600 0.000155
23700 0.000147
23800 0.000207
23900 0.000152
24000 0.000149
24100 0.000157
24200 0.000153
24300 0.000159
24400 0.000147
24500 0.000176
24600 0.000156
24700 0.000212
24800 0.000174
24900 0.000146
25000 0.000176
25100 0.000155
25200 0.000149
25300 0.000152
25400 0.000152
25500 0.000142
25600 0.000203
25700 0.000191
25800 0.000189
25900 0.000144
26000 0.00015
26100 0.000148
26200 0.000154
26300 0.000196
26400 0.000181
26500 0.000189
26600 0.000226
26700 0.000191
26800 0.000206
26900 0.000144
27000 0.000144
27100 0.000144
27200 0.000152
27300 0.000145
27400 0.000152
27500 0.000143
27600 0.000147
27700 0.000151
27800 0.000159
27900 0.000144
28000 0.00019
28100 0.000146
28200 0.000174
28300 0.000156
28400 0.00019
28500 0.000185
28600 0.00015
28700 0.000189
28800 0.000188
28900 0.000143
29000 0.000187
29100 0.00015
29200 0.00016
29300 0.000208
29400 0.000152
29500 0.000165
29600 0.000143
29700 0.000144
29800 0.000172
29900 0.000143
30000 0.000143
30100 0.000185
30200 0.000188
30300 0.000196
30400 0.000165
30500 0.000158
30600 0.000146
30700 0.000142
30800 0.00016
30900 0.000159
31000 0.000163
31100 0.000159
31200 0.00016
31300 0.000153
31400 0.000156
31500 0.000152
31600 0.000149
31700 0.000154
31800 0.000148
31900 0.000155
32000 0.000145
32100 0.000171
32200 0.000142
32300 0.000161
32400 0.000162
32500 0.000186
32600 0.000183
32700 0.000155
32800 0.000299
32900 0.000293
33000 0.000316
33100 0.000302
33200 0.0003
33300 0.000351
33400 0.000289
33500 0.000346
33600 0.000364
33700 0.000301
33800 0.000302
33900 0.000285
34000 0.000299
34100 0.000284
34200 0.000354
34300 0.000352
34400 0.000314
34500 0.000295
34600 0.000295
34700 0.000295
34800 0.0003
34900 0.000325
35000 0.00032
35100 0.000334
35200 0.000302
35300 0.000303
35400 0.000312
35500 0.000299
35600 0.000322
35700 0.000287
35800 0.000319
35900 0.000337
36000 0.000292
36100 0.000314
36200 0.000294
36300 0.000336
36400 0.000286
36500 0.000416
36600 0.000286
36700 0.00035
36800 0.000349
36900 0.000313
37000 0.000352
37100 0.000314
37200 0.00034
37300 0.000297
37400 0.000343
37500 0.000324
37600 0.000306
37700 0.000295
37800 0.000345
37900 0.000356
38000 0.000307
38100 0.000339
38200 0.000345
38300 0.000355
38400 0.000352
38500 0.000325
38600 0.000299
38700 0.00032
38800 0.000319
38900 0.000374
39000 0.000293
39100 0.000313
39200 0.000295
39300 0.000285
39400 0.000348
39500 0.000304
39600 0.000349
39700 0.000343
39800 0.000299
39900 0.000366
40000 0.000318
40100 0.000324
40200 0.000328
40300 0.000294
40400 0.000331
40500 0.000336
40600 0.000287
40700 0.000329
40800 0.000309
40900 0.00036
41000 0.000308
41100 0.000302
41200 0.000288
41300 0.000347
41400 0.000324
41500 0.000312
41600 0.00032
41700 0.000285
41800 0.000321
41900 0.000341
42000 0.000341
42100 0.000278
42200 0.000333
42300 0.000301
42400 0.000288
42500 0.000284
42600 0.000282
42700 0.000293
42800 0.000302
42900 0.000289
43000 0.0003
43100 0.000294
43200 0.000312
43300 0.000312
43400 0.000291
43500 0.000301
43600 0.00031
43700 0.000303
43800 0.000287
43900 0.000315
44000 0.000351
44100 0.000333
44200 0.000286
44300 0.000284
44400 0.000301
44500 0.000314
44600 0.000294
44700 0.000276
44800 0.000282
44900 0.000292
45000 0.000287
45100 0.00029
45200 0.000293
45300 0.00029
45400 0.000302
45500 0.000309
45600 0.000298
45700 0.000287
45800 0.000291
45900 0.000325
46000 0.000297
46100 0.000299
46200 0.000321
46300 0.000332
46400 0.000294
46500 0.000352
46600 0.000298
46700 0.00031
46800 0.000293
46900 0.000299
47000 0.000356
47100 0.000285
47200 0.0003
47300 0.00028
47400 0.000314
47500 0.000325
47600 0.000305
47700 0.00033
47800 0.000345
47900 0.000299
48000 0.000327
48100 0.000304
48200 0.000328
48300 0.000298
48400 0.000323
48500 0.000333
48600 0.000363
48700 0.000302
48800 0.000304
48900 0.000328
49000 0.000326
49100 0.000312
49200 0.000332
49300 0.000313
49400 0.00033
49500 0.000335
49600 0.000329
49700 0.000293
49800 0.000301
49900 0.000326
50000 0.000296
50100 0.000306
50200 0.000286
50300 0.000283
50400 0.000299
50500 0.000302
50600 0.000299
50700 0.000296
50800 0.00033
50900 0.000317
51000 0.000344
51100 0.000291
51200 0.000315
51300 0.000299
51400 0.000294
51500 0.000342
51600 0.00029
51700 0.000307
51800 0.000299
51900 0.000296
52000 0.000298
52100 0.000334
52200 0.000311
52300 0.000303
52400 0.000299
52500 0.000297
52600 0.0003
52700 0.000288
52800 0.000285
52900 0.000325
53000 0.000293
53100 0.000294
53200 0.000303
53300 0.000296
53400 0.000307
53500 0.000299
53600 0.000304
53700 0.000288
53800 0.00032
53900 0.000313
54000 0.000299
54100 0.000301
54200 0.000302
54300 0.000289
54400 0.000333
54500 0.000311
54600 0.000321
54700 0.000297
54800 0.000286
54900 0.000323
55000 0.000338
55100 0.000301
55200 0.000311
55300 0.000301
55400 0.000291
55500 0.000292
55600 0.000299
55700 0.000295
55800 0.000302
55900 0.000288
56000 0.000301
56100 0.000294
56200 0.000296
56300 0.000332
56400 0.000298
56500 0.000307
56600 0.000296
56700 0.000313
56800 0.000318
56900 0.000289
57000 0.000323
57100 0.000453
57200 0.000335
57300 0.000298
57400 0.000338
57500 0.000316
57600 0.000295
57700 0.000277
57800 0.000318
57900 0.000288
58000 0.000291
58100 0.000281
58200 0.000301
58300 0.000306
58400 0.000306
58500 0.000292
58600 0.000298
58700 0.000297
58800 0.0003
58900 0.000312
59000 0.000287
59100 0.000292
59200 0.000311
59300 0.000326
59400 0.00029
59500 0.000298
59600 0.00032
59700 0.000309
59800 0.000291
59900 0.000295
60000 0.000287
60100 0.000314
60200 0.000285
60300 0.000342
60400 0.00031
60500 0.000291
60600 0.000314
60700 0.000312
60800 0.000285
60900 0.000278
61000 0.000286
61100 0.000316
61200 0.000286
61300 0.000287
61400 0.000291
61500 0.000277
61600 0.000285
61700 0.000297
61800 0.0003
61900 0.000295
62000 0.000286
62100 0.000288
62200 0.000307
62300 0.000312
62400 0.000298
62500 0.000324
62600 0.000323
62700 0.000344
62800 0.000312
62900 0.000301
63000 0.000291
63100 0.000286
63200 0.000287
63300 0.000287
63400 0.000322
63500 0.000298
63600 0.0003
63700 0.000293
63800 0.000285
63900 0.000314
64000 0.000302
64100 0.000308
64200 0.000293
64300 0.000299
64400 0.00042
64500 0.000299
64600 0.00029
64700 0.000288
64800 0.000299
64900 0.000292
65000 0.000299
65100 0.000295
65200 0.000302
65300 0.000331
65400 0.000294
65500 0.000312
65600 0.000588
65700 0.00056
65800 0.000631
65900 0.0006
66000 0.000572
66100 0.000592
66200 0.000589
66300 0.000671
66400 0.000598
66500 0.000577
66600 0.000571
66700 0.000618
66800 0.000594
66900 0.000591
67000 0.000605
67100 0.00058
67200 0.000555
67300 0.000579
67400 0.0006
67500 0.000592
67600 0.000611
67700 0.000588
67800 0.000665
67900 0.000625
68000 0.000573
68100 0.00059
68200 0.000629
68300 0.000574
68400 0.000554
68500 0.000593
68600 0.000599
68700 0.000593
68800 0.000594
68900 0.000606
69000 0.000586
69100 0.000573
69200 0.000599
69300 0.000622
69400 0.000594
69500 0.00059
69600 0.000586
69700 0.000605
69800 0.000591
69900 0.000591
70000 0.000595
70100 0.000598
70200 0.000578
70300 0.000577
70400 0.000619
70500 0.00059
70600 0.000569
70700 0.000576
70800 0.000591
70900 0.000614
71000 0.000575
71100 0.000729
71200 0.000583
71300 0.000582
71400 0.000592
71500 0.000589
71600 0.00057
71700 0.000589
71800 0.000592
71900 0.000577
72000 0.000549
72100 0.000691
72200 0.00061
72300 0.000587
72400 0.000609
72500 0.000601
72600 0.000571
72700 0.000558
72800 0.00063
72900 0.000614
73000 0.000586
73100 0.000564
73200 0.000585
73300 0.000619
73400 0.000568
73500 0.000616
73600 0.000575
73700 0.000557
73800 0.000582
73900 0.000595
74000 0.000571
74100 0.000605
74200 0.000622
74300 0.000623
74400 0.000595
74500 0.000588
74600 0.000648
74700 0.000629
74800 0.000616
74900 0.000592
75000 0.000578
75100 0.000589
75200 0.000602
75300 0.000584
75400 0.000623
75500 0.000678
75600 0.000688
75700 0.000605
75800 0.000623
75900 0.000598
76000 0.000596
76100 0.000619
76200 0.000568
76300 0.0006
76400 0.000577
76500 0.000581
76600 0.0007
76700 0.000643
76800 0.000601
76900 0.000607
77000 0.000616
77100 0.000801
77200 0.000645
77300 0.000566
77400 0.000557
77500 0.000591
77600 0.000591
77700 0.000602
77800 0.000625
77900 0.00068
78000 0.000588
78100 0.000614
78200 0.000564
78300 0.000582
78400 0.000603
78500 0.000671
78600 0.000594
78700 0.000624
78800 0.000588
78900 0.000599
79000 0.000587
79100 0.000607
79200 0.000562
79300 0.000575
79400 0.00059
79500 0.000623
79600 0.000589
79700 0.000597
79800 0.000581
79900 0.000595
80000 0.000613
80100 0.000609
80200 0.000596
80300 0.000579
80400 0.000571
80500 0.000574
80600 0.00058
80700 0.000578
80800 0.000602
80900 0.000589
81000 0.00059
81100 0.000586
81200 0.000574
81300 0.00059
81400 0.000612
81500 0.000565
81600 0.000597
81700 0.000795
81800 0.000616
81900 0.000591
82000 0.00062
82100 0.000599
82200 0.00058
82300 0.000592
82400 0.00058
82500 0.000635
82600 0.000575
82700 0.000571
82800 0.000577
82900 0.00057
83000 0.000597
83100 0.000556
83200 0.000577
83300 0.000562
83400 0.000598
83500 0.00057
83600 0.000547
83700 0.000588
83800 0.000572
83900 0.000595
84000 0.000577
84100 0.000572
84200 0.000574
84300 0.00057
84400 0.0006
84500 0.000701
84600 0.000565
84700 0.000597
84800 0.000565
84900 0.000612
85000 0.000575
85100 0.000576
85200 0.000561
85300 0.000608
85400 0.000595
85500 0.000576
85600 0.000602
85700 0.00059
85800 0.000849
85900 0.000589
86000 0.000586
86100 0.000593
86200 0.000608
86300 0.0006
86400 0.000647
86500 0.000809
86600 0.00068
86700 0.000597
86800 0.000562
86900 0.000624
87000 0.000642
87100 0.000614
87200 0.000628
87300 0.000595
87400 0.000572
87500 0.000576
87600 0.000591
87700 0.000605
87800 0.000564
87900 0.000608
88000 0.000646
88100 0.000577
88200 0.000625
88300 0.000557
88400 0.000574
88500 0.000571
88600 0.000607
88700 0.000612
88800 0.000593
88900 0.000576
89000 0.000635
89100 0.000629
89200 0.000578
89300 0.000588
89400 0.000568
89500 0.000651
89600 0.000581
89700 0.000571
89800 0.000578
89900 0.000587
90000 0.000603
90100 0.000603
90200 0.000686
90300 0.000606
90400 0.000577
90500 0.000598
90600 0.00059
90700 0.000625
90800 0.000581
90900 0.000625
91000 0.000563
91100 0.000605
91200 0.000585
91300 0.000572
91400 0.000581
91500 0.000602
91600 0.000606
91700 0.000562
91800 0.000613
91900 0.000617
92000 0.000607
92100 0.0006
92200 0.000582
92300 0.00062
92400 0.000555
92500 0.000594
92600 0.000588
92700 0.000573
92800 0.000601
92900 0.000574
93000 0.000625
93100 0.000576
93200 0.000572
93300 0.000593
93400 0.000596
93500 0.000618
93600 0.000579
93700 0.000603
93800 0.000578
93900 0.000588
94000 0.000619
94100 0.000589
94200 0.000587
94300 0.000599
94400 0.000581
94500 0.000597
94600 0.000593
94700 0.000575
94800 0.000587
94900 0.000592
95000 0.000684
95100 0.000577
95200 0.000599
95300 0.000594
95400 0.000555
95500 0.000565
95600 0.000624
95700 0.000611
95800 0.000611
95900 0.000601
96000 0.000593
96100 0.000576
96200 0.000762
96300 0.000562
96400 0.000599
96500 0.000605
96600 0.000584
96700 0.000594
96800 0.000582
96900 0.000596
97000 0.000587
97100 0.000621
97200 0.000641
97300 0.000587
97400 0.000572
97500 0.000611
97600 0.000601
97700 0.000574
97800 0.00058
97900 0.000562
98000 0.000612
98100 0.000591
98200 0.000698
98300 0.000583
98400 0.000555
98500 0.000576
98600 0.000603
98700 0.000602
98800 0.000601
98900 0.000599
99000 0.000606
99100 0.000595
99200 0.000564
99300 0.00059
99400 0.000663
99500 0.0006
99600 0.000564
99700 0.000582
99800 0.000574
99900 0.000592
100000 0.000586
100100 0.000574
100200 0.000577
100300 0.000607
100400 0.000755
100500 0.000625
100600 0.0006
100700 0.000584
100800 0.000581
100900 0.000578
101000 0.000562
101100 0.000606
101200 0.000625
101300 0.000665
101400 0.000626
101500 0.000624
101600 0.000626
101700 0.000614
101800 0.000603
101900 0.000589
102000 0.000608
102100 0.000585
102200 0.00059
102300 0.000561
102400 0.000582
102500 0.000576
102600 0.000587
102700 0.000594
102800 0.000584
102900 0.00058
103000 0.000572
103100 0.000556
103200 0.000588
103300 0.000601
103400 0.000609
103500 0.00057
103600 0.000592
103700 0.000602
103800 0.000578
103900 0.000568
104000 0.000583
104100 0.000573
104200 0.000587
104300 0.000608
104400 0.000597
104500 0.000577
104600 0.000592
104700 0.000574
104800 0.000575
104900 0.000576
105000 0.000566
105100 0.000598
105200 0.000596
105300 0.000578
105400 0.000569
105500 0.000643
105600 0.000614
105700 0.000576
105800 0.000594
105900 0.000608
106000 0.000582
106100 0.000572
106200 0.000561
106300 0.000624
106400 0.000575
106500 0.000573
106600 0.000571
106700 0.000565
106800 0.000553
106900 0.000613
107000 0.000588
107100 0.000566
107200 0.000617
107300 0.000549
107400 0.000587
107500 0.000558
107600 0.000554
107700 0.000601
107800 0.000561
107900 0.000584
108000 0.000564
108100 0.000568
108200 0.000601
108300 0.000587
108400 0.000581
108500 0.000593
108600 0.000571
108700 0.000573
108800 0.000564
108900 0.000588
109000 0.000577
109100 0.000579
109200 0.000549
109300 0.000595
109400 0.000581
109500 0.000632
109600 0.000649
109700 0.000571
109800 0.000581
109900 0.000601
110000 0.000601
110100 0.000623
110200 0.000589
110300 0.000634
110400 0.000591
110500 0.000572
110600 0.000597
110700 0.0006
110800 0.000625
110900 0.000595
111000 0.000596
111100 0.000593
111200 0.000587
111300 0.000593
111400 0.000588
111500 0.000582
111600 0.00059
111700 0.000583
111800 0.000589
111900 0.000574
112000 0.000594
112100 0.000584
112200 0.000601
112300 0.000586
112400 0.000596
112500 0.000581
112600 0.000604
112700 0.000555
112800 0.000573
112900 0.000604
113000 0.000592
113100 0.000586
113200 0.00059
113300 0.000579
113400 0.000609
113500 0.000615
113600 0.000631
113700 0.000573
113800 0.00064
113900 0.000658
114000 0.000554
114100 0.000603
114200 0.000618
114300 0.000583
114400 0.000573
114500 0.000603
114600 0.000588
114700 0.000561
114800 0.000605
114900 0.000592
115000 0.000559
115100 0.00055
115200 0.00054
115300 0.000567
115400 0.000584
115500 0.000582
115600 0.000604
115700 0.000659
115800 0.000585
115900 0.000598
116000 0.00065
116100 0.000593
116200 0.000571
116300 0.000593
116400 0.000605
116500 0.000594
116600 0.00061
116700 0.000589
116800 0.000567
116900 0.000591
117000 0.000627
117100 0.000568
117200 0.000592
117300 0.000593
117400 0.000557
117500 0.000598
117600 0.000595
117700 0.000575
117800 0.000588
117900 0.000597
118000 0.000603
118100 0.000587
118200 0.000595
118300 0.000604
118400 0.00058
118500 0.000611
118600 0.000592
118700 0.000579
118800 0.00057
118900 0.000573
119000 0.000622
119100 0.000571
119200 0.000579
119300 0.000576
119400 0.000598
119500 0.000603
119600 0.000594
119700 0.000567
119800 0.000555
119900 0.000555
120000 0.000643
120100 0.000579
120200 0.000581
120300 0.000571
120400 0.000617
120500 0.000558
120600 0.000569
120700 0.000603
120800 0.000578
120900 0.00056
121000 0.000582
121100 0.000582
121200 0.000577
121300 0.000591
121400 0.000601
121500 0.000614
121600 0.000603
121700 0.000631
121800 0.000574
121900 0.000583
122000 0.000564
122100 0.000574
122200 0.000579
122300 0.0006
122400 0.000598
122500 0.000586
122600 0.000599
122700 0.000543
122800 0.000539
122900 0.000589
123000 0.000633
123100 0.000613
123200 0.000598
123300 0.00059
123400 0.000613
123500 0.000563
123600 0.000583
123700 0.000608
123800 0.000583
123900 0.000605
124000 0.000584
124100 0.000606
124200 0.000559
124300 0.000611
124400 0.000574
124500 0.000575
124600 0.000568
124700 0.000624
124800 0.000582
124900 0.000601
125000 0.000583
125100 0.000579
125200 0.000574
125300 0.000603
125400 0.000589
125500 0.000596
125600 0.000567
125700 0.00062
125800 0.000587
125900 0.000595
126000 0.000584
126100 0.000567
126200 0.000696
126300 0.000584
126400 0.000564
126500 0.000603
126600 0.000569
126700 0.000599
126800 0.000576
126900 0.000608
127000 0.000551
127100 0.000586
127200 0.000614
127300 0.000569
127400 0.000574
127500 0.00056
127600 0.000555
127700 0.000632
127800 0.000581
127900 0.000608
128000 0.000575
128100 0.000583
128200 0.000572
128300 0.000605
128400 0.000553
128500 0.000619
128600 0.000581
128700 0.00061
128800 0.000571
128900 0.000588
129000 0.000575
129100 0.000581
129200 0.000614
129300 0.000595
129400 0.000602
129500 0.000572
129600 0.000576
129700 0.000602
129800 0.000583
129900 0.000587
130000 0.000558
130100 0.000632
130200 0.000586
130300 0.000582
130400 0.000593
130500 0.000644
130600 0.00058
130700 0.000568
130800 0.000586
130900 0.000578
131000 0.000582
131100 0.001181
131200 0.001181
131300 0.001245
131400 0.001241
131500 0.001201
131600 0.001191
131700 0.00117
131800 0.001185
131900 0.001128
132000 0.001155
132100 0.00115
132200 0.001239
132300 0.001153
132400 0.001156
132500 0.001142
132600 0.001207
132700 0.001205
132800 0.001176
132900 0.001205
133000 0.001261
133100 0.001192
133200 0.001215
133300 0.001138
133400 0.001099
133500 0.001198
133600 0.001201
133700 0.001201
133800 0.001153
133900 0.001174
134000 0.001189
134100 0.001128
134200 0.001186
134300 0.001193
134400 0.00114
134500 0.001166
134600 0.00147
134700 0.001142
134800 0.001147
134900 0.001138
135000 0.001209
135100 0.00121
135200 0.00122
135300 0.001104
135400 0.001185
135500 0.001139
135600 0.001139
135700 0.001166
135800 0.001237
135900 0.001154
136000 0.00118
136100 0.001135
136200 0.001198
136300 0.001149
136400 0.001172
136500 0.001135
136600 0.001162
136700 0.001168
136800 0.001193
136900 0.001136
137000 0.001191
137100 0.001178
137200 0.001183
137300 0.001175
137400 0.001171
137500 0.001168
137600 0.00114
137700 0.00121
137800 0.001147
137900 0.001193
138000 0.001176
138100 0.001253
138200 0.001161
138300 0.001287
138400 0.001108
138500 0.001227
138600 0.001256
138700 0.001132
138800 0.001118
138900 0.001189
139000 0.00118
139100 0.00114
139200 0.001212
139300 0.001169
139400 0.001174
139500 0.001168
139600 0.001273
139700 0.001169
139800 0.001198
139900 0.001157
140000 0.001175
140100 0.001149
140200 0.001146
140300 0.001134
140400 0.001119
140500 0.001182
140600 0.00118
140700 0.001134
140800 0.001167
140900 0.001123
141000 0.001146
141100 0.00111
141200 0.00127
141300 0.001198
141400 0.001183
141500 0.001151
141600 0.001249
141700 0.001199
141800 0.001226
141900 0.001155
142000 0.001167
142100 0.001265
142200 0.001132
142300 0.001135
142400 0.001142
142500 0.001138
142600 0.001155
142700 0.001152
142800 0.001174
142900 0.001137
143000 0.00115
143100 0.001127
143200 0.001196
143300 0.001128
143400 0.001109
143500 0.001203
143600 0.001217
143700 0.00114
143800 0.001167
143900 0.001194
144000 0.001133
144100 0.00119
144200 0.00113
144300 0.00111
144400 0.001155
144500 0.001244
144600 0.001193
144700 0.001178
144800 0.001156
144900 0.00122
145000 0.001198
145100 0.001386
145200 0.001183
145300 0.00114
145400 0.001184
145500 0.001183
145600 0.001179
145700 0.001144
145800 0.001164
145900 0.001168
146000 0.001167
146100 0.001234
146200 0.001149
146300 0.001187
146400 0.001166
146500 0.001205
146600 0.001116
146700 0.001237
146800 0.00114
146900 0.001167
147000 0.001187
147100 0.001234
147200 0.001109
147300 0.001154
147400 0.001191
147500 0.001207
147600 0.00116
147700 0.001152
147800 0.001166
147900 0.001139
148000 0.001133
148100 0.001212
148200 0.001108
148300 0.001187
148400 0.00118
148500 0.001173
148600 0.00117
148700 0.001108
148800 0.001225
148900 0.001161
149000 0.001221
149100 0.001168
149200 0.001195
149300 0.001234
149400 0.001155
149500 0.001237
149600 0.001241
149700 0.001143
149800 0.001157
149900 0.001107
150000 0.001143
150100 0.001188
150200 0.001199
150300 0.001133
150400 0.001162
150500 0.001143
150600 0.001178
150700 0.00119
150800 0.001157
150900 0.001172
151000 0.001133
151100 0.001158
151200 0.001183
151300 0.00114
151400 0.00118
151500 0.00117
151600 0.001159
151700 0.001158
151800 0.00118
151900 0.001175
152000 0.001211
152100 0.00114
152200 0.001156
152300 0.001127
152400 0.001126
152500 0.00113
152600 0.001143
152700 0.001138
152800 0.001207
152900 0.001115
153000 0.001178
153100 0.001211
153200 0.001187
153300 0.001148
153400 0.001321
153500 0.00118
153600 0.001143
153700 0.001218
153800 0.001226
153900 0.001164
154000 0.001217
154100 0.001198
154200 0.001221
154300 0.001298
154400 0.001181
154500 0.001147
154600 0.001269
154700 0.001264
154800 0.001184
154900 0.001216
155000 0.00116
155100 0.001144
155200 0.001112
155300 0.001155
155400 0.001095
155500 0.001195
155600 0.001131
155700 0.001152
155800 0.001175
155900 0.0012
156000 0.001185
156100 0.001151
156200 0.001168
156300 0.001128
156400 0.001172
156500 0.001164
156600 0.001623
156700 0.00121
156800 0.001135
156900 0.001186
157000 0.001185
157100 0.001404
157200 0.001143
157300 0.001112
157400 0.001165
157500 0.001161
157600 0.00121
157700 0.0011
157800 0.00118
157900 0.001201
158000 0.001162
158100 0.001227
158200 0.001189
158300 0.001143
158400 0.001173
158500 0.001127
158600 0.001225
158700 0.00115
158800 0.001173
158900 0.001171
159000 0.001238
159100 0.001223
159200 0.001202
159300 0.001194
159400 0.001215
159500 0.001165
159600 0.001149
159700 0.001121
159800 0.00117
159900 0.001104
160000 0.001204
160100 0.001247
160200 0.001164
160300 0.001153
160400 0.00117
160500 0.001114
160600 0.001158
160700 0.001243
160800 0.001203
160900 0.001219
161000 0.001168
161100 0.001201
161200 0.0012
161300 0.001228
161400 0.001214
161500 0.001184
161600 0.001286
161700 0.001198
161800 0.001172
161900 0.001151
162000 0.001192
162100 0.001204
162200 0.001262
162300 0.001292
162400 0.001105
162500 0.001228
162600 0.001159
162700 0.001173
162800 0.001165
162900 0.001128
163000 0.001149
163100 0.00117
163200 0.001286
163300 0.001139
163400 0.001184
163500 0.001163
163600 0.001124
163700 0.001156
163800 0.00126
163900 0.001199
164000 0.0012
164100 0.001171
164200 0.001179
164300 0.001213
164400 0.001128
164500 0.001149
164600 0.001201
164700 0.001126
164800 0.001213
164900 0.001116
165000 0.00114
165100 0.001159
165200 0.001187
165300 0.001155
165400 0.001118
165500 0.001163
165600 0.001138
165700 0.001202
165800 0.001151
165900 0.001174
166000 0.00117
166100 0.001194
166200 0.001154
166300 0.00126
166400 0.00119
166500 0.001134
166600 0.00118
166700 0.001164
166800 0.001172
166900 0.001186
167000 0.001278
167100 0.001144
167200 0.001193
167300 0.001212
167400 0.001128
167500 0.001151
167600 0.001163
167700 0.00124
167800 0.001119
167900 0.001134
168000 0.001173
168100 0.001198
168200 0.001177
168300 0.001175
168400 0.001137
168500 0.001144
168600 0.001129
168700 0.00116
168800 0.001153
168900 0.001151
169000 0.001148
169100 0.001182
169200 0.001219
169300 0.001156
169400 0.001134
169500 0.001124
169600 0.001183
169700 0.001272
169800 0.001117
169900 0.001216
170000 0.001205
170100 0.001132
170200 0.001169
170300 0.001136
170400 0.001146
170500 0.00119
170600 0.001182
170700 0.001155
170800 0.001174
170900 0.001232
171000 0.001185
171100 0.001193
171200 0.001191
171300 0.001141
171400 0.001154
171500 0.00119
171600 0.001286
171700 0.001186
171800 0.001215
171900 0.001247
172000 0.001194
172100 0.001158
172200 0.001118
172300 0.001106
172400 0.001159
172500 0.001161
172600 0.001227
172700 0.001132
172800 0.001147
172900 0.001156
173000 0.001145
173100 0.001101
173200 0.001329
173300 0.001134
173400 0.001167
173500 0.001165
173600 0.001166
173700 0.001186
173800 0.001174
173900 0.001199
174000 0.001186
174100 0.001177
174200 0.001155
174300 0.001237
174400 0.001255
174500 0.001157
174600 0.001147
174700 0.001151
174800 0.001162
174900 0.001203
175000 0.001147
175100 0.001181
175200 0.001144
175300 0.001272
175400 0.001157
175500 0.001206
175600 0.001236
175700 0.001266
175800 0.001143
175900 0.001165
176000 0.001174
176100 0.001149
176200 0.001178
176300 0.001243
176400 0.001173
176500 0.001225
176600 0.001193
176700 0.00119
176800 0.001175
176900 0.001129
177000 0.001141
177100 0.001164
177200 0.001222
177300 0.001192
177400 0.001156
177500 0.001145
177600 0.001152
177700 0.001642
177800 0.001161
177900 0.00126
178000 0.001175
178100 0.001123
178200 0.001175
178300 0.001168
178400 0.001123
178500 0.001141
178600 0.001118
178700 0.001147
178800 0.001219
178900 0.001144
179000 0.001288
179100 0.001204
179200 0.001163
179300 0.001144
179400 0.001169
179500 0.001176
179600 0.001116
179700 0.001176
179800 0.001108
179900 0.001329
180000 0.001251
180100 0.001187
180200 0.001103
180300 0.001134
180400 0.001132
180500 0.001119
180600 0.001153
180700 0.00114
180800 0.001207
180900 0.001223
181000 0.001239
181100 0.001255
181200 0.00115
181300 0.001173
181400 0.001146
181500 0.001158
181600 0.001183
181700 0.001176
181800 0.001125
181900 0.001208
182000 0.001257
182100 0.001143
182200 0.001175
182300 0.001285
182400 0.001185
182500 0.00115
182600 0.0012
182700 0.001167
182800 0.001136
182900 0.001177
183000 0.001141
183100 0.001112
183200 0.001154
183300 0.001144
183400 0.001143
183500 0.001164
183600 0.001192
183700 0.001173
183800 0.001133
183900 0.001111
184000 0.001162
184100 0.001197
184200 0.001191
184300 0.001182
184400 0.001146
184500 0.001649
184600 0.001327
184700 0.001175
184800 0.001112
184900 0.001193
185000 0.001162
185100 0.00115
185200 0.001238
185300 0.00111
185400 0.00118
185500 0.001144
185600 0.001141
185700 0.001203
185800 0.001185
185900 0.001153
186000 0.001106
186100 0.001153
186200 0.001109
186300 0.001155
186400 0.001234
186500 0.001189
186600 0.00119
186700 0.001104
186800 0.001258
186900 0.001144
187000 0.001149
187100 0.001179
187200 0.001137
187300 0.00113
187400 0.001196
187500 0.00118
187600 0.001149
187700 0.001175
187800 0.001175
187900 0.001156
188000 0.001183
188100 0.001121
188200 0.001141
188300 0.001151
188400 0.001513
188500 0.001186
188600 0.00115
188700 0.001178
188800 0.001162
188900 0.001192
189000 0.001207
189100 0.00115
189200 0.001186
189300 0.001204
189400 0.001177
189500 0.001174
189600 0.001143
189700 0.001158
189800 0.001197
189900 0.001185
190000 0.001114
190100 0.001174
190200 0.001187
190300 0.001105
190400 0.001257
190500 0.001136
190600 0.001188
190700 0.001163
190800 0.001126
190900 0.001143
191000 0.001185
191100 0.001182
191200 0.001163
191300 0.001155
191400 0.001107
191500 0.001122
191600 0.001203
191700 0.00128
191800 0.001171
191900 0.001138
192000 0.001211
192100 0.001166
192200 0.00112
192300 0.001198
192400 0.001141
192500 0.00118
192600 0.001137
192700 0.001194
192800 0.001178
192900 0.001147
193000 0.001145
193100 0.001186
193200 0.001123
193300 0.001135
193400 0.00116
193500 0.001153
193600 0.001242
193700 0.001143
193800 0.00122
193900 0.00124
194000 0.001108
194100 0.001118
194200 0.001135
194300 0.001157
194400 0.001142
194500 0.001218
194600 0.001165
194700 0.001154
194800 0.001106
194900 0.001159
195000 0.00122
195100 0.001259
195200 0.001139
195300 0.001159
195400 0.001108
195500 0.001194
195600 0.001146
195700 0.00118
195800 0.001144
195900 0.001509
196000 0.001202
196100 0.001207
196200 0.001185
196300 0.001179
196400 0.001144
196500 0.001193
196600 0.001108
196700 0.001219
196800 0.00118
196900 0.001171
197000 0.001148
197100 0.001136
197200 0.001544
197300 0.001198
197400 0.001165
197500 0.001178
197600 0.001151
197700 0.001157
197800 0.001177
197900 0.001187
198000 0.001191
198100 0.001187
198200 0.001154
198300 0.001108
198400 0.00118
198500 0.001138
198600 0.001156
198700 0.001199
198800 0.001114
198900 0.001206
199000 0.001149
199100 0.001187
199200 0.001323
199300 0.001183
199400 0.001159
199500 0.001171
199600 0.001115
199700 0.001195
199800 0.001203
199900 0.001147
200000 0.001189
200100 0.00119
200200 0.00111
200300 0.001187
200400 0.001128
200500 0.001206
200600 0.001168
200700 0.001118
200800 0.001154
200900 0.001196
201000 0.001121
201100 0.001171
201200 0.001139
201300 0.001183
201400 0.001171
201500 0.001122
201600 0.001172
201700 0.001157
201800 0.001106
201900 0.001148
202000 0.001585
202100 0.00122
202200 0.001172
202300 0.001109
202400 0.00114
202500 0.001138
202600 0.00122
202700 0.001246
202800 0.001145
202900 0.001199
203000 0.001198
203100 0.001127
203200 0.001179
203300 0.001173
203400 0.001176
203500 0.001251
203600 0.001149
203700 0.001167
203800 0.001154
203900 0.001238
204000 0.001119
204100 0.001145
204200 0.001384
204300 0.001156
204400 0.001203
204500 0.001151
204600 0.001164
204700 0.001147
204800 0.001132
204900 0.001194
205000 0.001255
205100 0.0012
205200 0.001183
205300 0.001166
205400 0.001231
205500 0.001206
205600 0.001231
205700 0.001202
205800 0.001197
205900 0.001173
206000 0.001256
206100 0.001168
206200 0.001168
206300 0.001406
206400 0.001118
206500 0.001163
206600 0.001158
206700 0.001169
206800 0.001165
206900 0.001107
207000 0.001226
207100 0.001778
207200 0.001108
207300 0.00115
207400 0.001147
207500 0.001178
207600 0.001157
207700 0.00119
207800 0.001184
207900 0.00111
208000 0.001169
208100 0.00118
208200 0.001134
208300 0.001195
208400 0.001296
208500 0.001142
208600 0.001121
208700 0.00114
208800 0.001217
208900 0.001163
209000 0.001148
209100 0.001184
209200 0.001148
209300 0.001292
209400 0.00123
209500 0.001126
209600 0.001155
209700 0.00115
209800 0.001177
209900 0.001209
210000 0.001188
210100 0.001169
210200 0.001183
210300 0.001173
210400 0.0012
210500 0.001145
210600 0.001157
210700 0.001197
210800 0.00112
210900 0.001164
211000 0.001317
211100 0.001153
211200 0.001202
211300 0.001136
211400 0.001108
211500 0.001182
211600 0.001174
211700 0.001167
211800 0.001196
211900 0.001152
212000 0.001108
212100 0.001288
212200 0.001154
212300 0.001134
212400 0.001178
212500 0.001162
212600 0.001182
212700 0.001153
212800 0.001151
212900 0.001143
213000 0.001094
213100 0.001156
213200 0.001134
213300 0.001177
213400 0.001159
213500 0.001156
213600 0.001166
213700 0.001245
213800 0.001115
213900 0.001139
214000 0.00119
214100 0.001145
214200 0.001167
214300 0.001137
214400 0.001279
214500 0.001154
214600 0.001174
214700 0.001215
214800 0.001169
214900 0.001159
215000 0.001151
215100 0.001178
215200 0.001112
215300 0.001144
215400 0.001158
215500 0.001231
215600 0.001175
215700 0.001153
215800 0.001125
215900 0.001148
216000 0.001121
216100 0.001174
216200 0.001176
216300 0.001185
216400 0.001182
216500 0.001156
216600 0.001175
216700 0.001212
216800 0.001208
216900 0.001175
217000 0.001158
217100 0.001145
217200 0.00117
217300 0.001157
217400 0.001194
217500 0.00114
217600 0.001134
217700 0.00117
217800 0.001156
217900 0.001191
218000 0.001139
218100 0.001179
218200 0.001142
218300 0.00119
218400 0.001209
218500 0.001173
218600 0.001111
218700 0.001173
218800 0.001153
218900 0.001176
219000 0.001182
219100 0.001272
219200 0.001153
219300 0.001215
219400 0.001179
219500 0.001139
219600 0.001197
219700 0.001111
219800 0.001176
219900 0.001282
220000 0.001189
220100 0.001119
220200 0.001143
220300 0.001143
220400 0.00113
220500 0.001163
220600 0.001185
220700 0.001243
220800 0.001139
220900 0.001178
221000 0.001221
221100 0.001184
221200 0.001201
221300 0.00114
221400 0.00117
221500 0.001147
221600 0.00116
221700 0.001193
221800 0.001219
221900 0.001177
222000 0.001149
222100 0.001211
222200 0.001181
222300 0.001101
222400 0.001218
222500 0.001122
222600 0.001083
222700 0.001146
222800 0.001259
222900 0.001158
223000 0.001172
223100 0.001176
223200 0.001196
223300 0.001136
223400 0.001171
223500 0.00117
223600 0.001251
223700 0.00121
223800 0.001183
223900 0.001116
224000 0.001112
224100 0.001139
224200 0.001121
224300 0.00143
224400 0.001174
224500 0.001202
224600 0.00122
224700 0.001248
224800 0.001179
224900 0.001522
225000 0.00111
225100 0.001183
225200 0.001169
225300 0.001124
225400 0.001112
225500 0.001179
225600 0.001194
225700 0.001159
225800 0.001138
225900 0.001172
226000 0.001194
226100 0.001108
226200 0.001171
226300 0.001163
226400 0.001226
226500 0.001171
226600 0.001132
226700 0.001144
226800 0.001308
226900 0.001176
227000 0.001184
227100 0.00112
227200 0.001172
227300 0.001143
227400 0.001171
227500 0.001176
227600 0.001139
227700 0.001173
227800 0.001202
227900 0.001161
228000 0.001153
228100 0.001132
228200 0.001169
228300 0.001163
228400 0.001176
228500 0.00118
228600 0.001135
228700 0.001227
228800 0.00114
228900 0.001144
229000 0.001116
229100 0.001144
229200 0.001139
229300 0.001179
229400 0.001168
229500 0.001148
229600 0.001143
229700 0.001153
229800 0.001158
229900 0.001133
230000 0.001158
230100 0.001157
230200 0.001149
230300 0.001163
230400 0.001153
230500 0.001141
230600 0.001212
230700 0.001178
230800 0.001145
230900 0.001142
231000 0.001216
231100 0.00122
231200 0.001172
231300 0.001207
231400 0.001156
231500 0.001171
231600 0.001172
231700 0.001161
231800 0.001159
231900 0.001165
232000 0.001183
232100 0.001147
232200 0.001168
232300 0.00119
232400 0.001195
232500 0.001251
232600 0.001157
232700 0.00119
232800 0.001197
232900 0.001225
233000 0.001147
233100 0.001137
233200 0.001118
233300 0.001185
233400 0.001175
233500 0.001138
233600 0.001346
233700 0.00115
233800 0.001136
233900 0.001143
234000 0.001244
234100 0.00116
234200 0.001197
234300 0.001171
234400 0.001195
234500 0.001135
234600 0.00114
234700 0.001198
234800 0.001207
234900 0.001232
235000 0.00113
235100 0.001172
235200 0.001141
235300 0.001153
235400 0.00118
235500 0.001192
235600 0.00112
235700 0.001191
235800 0.001173
235900 0.001224
236000 0.001154
236100 0.001155
236200 0.001131
236300 0.001209
236400 0.001211
236500 0.0012
236600 0.001149
236700 0.001214
236800 0.001212
236900 0.001129
237000 0.00117
237100 0.001153
237200 0.001193
237300 0.001236
237400 0.001221
237500 0.001191
237600 0.00113
237700 0.001168
237800 0.001192
237900 0.001182
238000 0.00113
238100 0.001161
238200 0.001164
238300 0.001209
238400 0.001149
238500 0.001172
238600 0.001196
238700 0.001178
238800 0.001174
238900 0.001185
239000 0.001113
239100 0.001111
239200 0.001147
239300 0.0011
239400 0.001205
239500 0.001198
239600 0.001161
239700 0.001163
239800 0.001142
239900 0.001183
240000 0.001144
240100 0.001194
240200 0.001181
240300 0.001142
240400 0.001193
240500 0.00116
240600 0.001165
240700 0.001209
240800 0.001188
240900 0.001139
241000 0.001224
241100 0.001137
241200 0.001162
241300 0.001132
241400 0.001185
241500 0.00123
241600 0.001208
241700 0.001121
241800 0.001172
241900 0.001164
242000 0.001176
242100 0.001108
242200 0.001213
242300 0.001138
242400 0.001163
242500 0.001197
242600 0.001181
242700 0.001279
242800 0.001216
242900 0.001147
243000 0.001165
243100 0.001203
243200 0.00116
243300 0.001188
243400 0.001189
243500 0.001182
243600 0.001145
243700 0.001199
243800 0.00121
243900 0.001144
244000 0.001156
244100 0.001157
244200 0.001088
244300 0.001159
244400 0.001228
244500 0.001183
244600 0.001124
244700 0.001205
244800 0.001224
244900 0.001185
245000 0.001121
245100 0.001113
245200 0.001209
245300 0.001153
245400 0.001158
245500 0.001146
245600 0.001179
245700 0.001188
245800 0.001156
245900 0.001108
246000 0.001138
246100 0.001188
246200 0.0012
246300 0.001183
246400 0.001143
246500 0.001135
246600 0.001186
246700 0.001177
246800 0.001215
246900 0.001176
247000 0.001208
247100 0.001235
247200 0.001197
247300 0.001204
247400 0.001156
247500 0.001122
247600 0.001171
247700 0.001145
247800 0.001142
247900 0.001128
248000 0.001166
248100 0.001198
248200 0.001135
248300 0.001134
248400 0.001172
248500 0.001103
248600 0.001195
248700 0.001217
248800 0.001137
248900 0.001154
249000 0.001237
249100 0.00115
249200 0.00121
249300 0.001168
249400 0.001208
249500 0.001172
249600 0.001148
249700 0.00111
249800 0.001181
249900 0.001146
250000 0.001155
250100 0.001154
250200 0.001155
250300 0.001181
250400 0.001433
250500 0.001178
250600 0.001191
250700 0.001152
250800 0.001183
250900 0.001114
251000 0.001297
251100 0.001178
251200 0.001169
251300 0.001249
251400 0.001125
251500 0.001158
251600 0.001256
251700 0.001205
251800 0.001145
251900 0.001168
252000 0.001171
252100 0.001167
252200 0.001168
252300 0.001174
252400 0.001151
252500 0.001145
252600 0.001205
252700 0.001113
252800 0.001189
252900 0.001136
253000 0.00116
253100 0.001155
253200 0.001181
253300 0.001149
253400 0.001124
253500 0.00119
253600 0.001072
253700 0.001136
253800 0.001212
253900 0.001089
254000 0.001221
254100 0.001137
254200 0.001131
254300 0.001152
254400 0.001161
254500 0.001153
254600 0.001382
254700 0.001175
254800 0.00112
254900 0.001154
255000 0.001122
255100 0.001171
255200 0.001264
255300 0.001133
255400 0.001144
255500 0.00116
255600 0.00117
255700 0.001155
255800 0.001333
255900 0.001148
256000 0.001129
256100 0.001275
256200 0.001175
256300 0.001167
256400 0.001151
256500 0.001168
256600 0.00116
256700 0.001159
256800 0.001162
256900 0.001194
257000 0.00127
257100 0.001244
257200 0.001136
257300 0.001156
257400 0.001236
257500 0.001313
257600 0.001171
257700 0.001191
257800 0.001159
257900 0.001252
258000 0.001265
258100 0.001194
258200 0.00113
258300 0.001159
258400 0.001164
258500 0.001152
258600 0.001146
258700 0.001164
258800 0.001128
258900 0.001118
259000 0.001166
259100 0.001169
259200 0.001151
259300 0.00115
259400 0.001193
259500 0.001169
259600 0.001136
259700 0.001133
259800 0.001191
259900 0.001172
260000 0.001161
260100 0.001142
260200 0.001124
260300 0.001137
260400 0.001346
260500 0.001157
260600 0.00117
260700 0.001183
260800 0.00112
260900 0.001166
261000 0.001155
261100 0.001187
261200 0.001177
261300 0.001146
261400 0.001106
261500 0.001173
261600 0.001185
261700 0.001138
261800 0.001152
261900 0.001151
262000 0.00121
262100 0.001155
262200 0.00228
262300 0.002292
262400 0.002477
262500 0.002304
262600 0.002322
262700 0.002392
262800 0.002329
262900 0.002334
263000 0.002245
263100 0.002392
263200 0.002343
263300 0.002234
263400 0.002277
263500 0.002253
263600 0.002348
263700 0.002374
263800 0.002386
263900 0.002282
264000 0.002336
264100 0.002371
264200 0.002507
264300 0.002402
264400 0.002364
264500 0.002534
264600 0.002313
264700 0.002362
264800 0.002249
264900 0.00225
265000 0.00236
265100 0.002282
265200 0.002232
265300 0.002296
265400 0.002294
265500 0.002325
265600 0.002318
265700 0.002264
265800 0.002253
265900 0.002411
266000 0.002318
266100 0.002313
266200 0.00227
266300 0.00241
266400 0.00231
266500 0.002298
266600 0.002308
266700 0.00224
266800 0.002383
266900 0.00232
267000 0.002177
267100 0.002327
267200 0.002312
267300 0.00232
267400 0.002327
267500 0.002309
267600 0.002318
267700 0.002246
267800 0.003278
267900 0.002395
268000 0.002316
268100 0.00233
268200 0.002439
268300 0.002329
268400 0.002431
268500 0.002569
268600 0.002299
268700 0.00231
268800 0.002217
268900 0.002329
269000 0.002267
269100 0.002373
269200 0.002329
269300 0.002946
269400 0.002394
269500 0.002291
269600 0.00231
269700 0.002298
269800 0.002251
269900 0.002257
270000 0.002364
270100 0.002429
270200 0.002265
270300 0.002331
270400 0.002338
270500 0.002446
270600 0.002371
270700 0.002245
270800 0.002362
270900 0.002304
271000 0.002305
271100 0.002359
271200 0.002235
271300 0.002271
271400 0.002266
271500 0.002323
271600 0.002262
271700 0.002445
271800 0.002289
271900 0.002521
272000 0.002303
272100 0.002229
272200 0.002339
272300 0.002483
272400 0.002308
272500 0.00225
272600 0.002332
272700 0.00234
272800 0.00242
272900 0.002358
273000 0.002304
273100 0.002353
273200 0.002232
273300 0.002395
273400 0.002334
273500 0.002261
273600 0.00233
273700 0.002245
273800 0.002333
273900 0.002306
274000 0.002332
274100 0.002352
274200 0.002287
274300 0.002357
274400 0.002254
274500 0.002313
274600 0.002291
274700 0.002311
274800 0.002278
274900 0.002222
275000 0.002354
275100 0.002521
275200 0.002367
275300 0.003279
275400 0.00236
275500 0.002229
275600 0.002276
275700 0.002316
275800 0.002278
275900 0.002225
276000 0.002373
276100 0.002323
276200 0.00227
276300 0.002331
276400 0.002295
276500 0.002317
276600 0.002339
276700 0.002204
276800 0.002404
276900 0.002372
277000 0.002329
277100 0.00234
277200 0.002217
277300 0.002219
277400 0.002374
277500 0.002413
277600 0.002233
277700 0.00235
277800 0.002319
277900 0.002303
278000 0.002327
278100 0.002447
278200 0.002389
278300 0.002428
278400 0.002328
278500 0.00224
278600 0.002238
278700 0.002219
278800 0.002327
278900 0.002181
279000 0.002512
279100 0.00225
279200 0.002517
279300 0.00229
279400 0.002202
279500 0.002282
279600 0.002344
279700 0.002356
279800 0.002291
279900 0.002245
280000 0.002186
280100 0.002675
280200 0.002353
280300 0.002384
280400 0.002287
280500 0.002303
280600 0.002506
280700 0.002476
280800 0.002483
280900 0.002314
281000 0.002331
281100 0.002388
281200 0.002333
281300 0.002328
281400 0.002285
281500 0.002465
281600 0.002216
281700 0.00232
281800 0.002328
281900 0.002296
282000 0.002329
282100 0.002306
282200 0.002352
282300 0.002225
282400 0.00237
282500 0.002339
282600 0.002385
282700 0.002368
282800 0.002326
282900 0.002347
283000 0.00224
283100 0.002249
283200 0.002371
283300 0.002375
283400 0.002288
283500 0.002391
283600 0.002385
283700 0.002354
283800 0.002314
283900 0.002217
284000 0.00229
284100 0.002299
284200 0.002339
284300 0.002211
284400 0.002288
284500 0.002244
284600 0.002299
284700 0.002435
284800 0.002291
284900 0.002263
285000 0.002312
285100 0.002283
285200 0.002327
285300 0.002329
285400 0.002346
285500 0.002243
285600 0.002245
285700 0.002308
285800 0.00232
285900 0.002371
286000 0.002355
286100 0.002284
286200 0.002307
286300 0.002322
286400 0.002355
286500 0.00259
286600 0.002282
286700 0.002288
286800 0.002318
286900 0.002325
287000 0.002379
287100 0.002198
287200 0.002335
287300 0.002358
287400 0.002443
287500 0.002275
287600 0.002306
287700 0.002263
287800 0.002407
287900 0.002265
288000 0.002287
288100 0.002195
288200 0.00234
288300 0.002431
288400 0.002479
288500 0.002283
288600 0.002254
288700 0.002275
288800 0.002344
288900 0.002312
289000 0.002354
289100 0.002366
289200 0.002372
289300 0.002289
289400 0.002298
289500 0.002292
289600 0.002502
289700 0.002299
289800 0.002315
289900 0.00235
290000 0.002217
290100 0.002316
290200 0.002309
290300 0.002305
290400 0.002368
290500 0.002605
290600 0.002289
290700 0.002236
290800 0.002232
290900 0.002323
291000 0.002362
291100 0.00228
291200 0.002346
291300 0.002336
291400 0.002369
291500 0.002255
291600 0.002278
291700 0.002373
291800 0.002315
291900 0.002245
292000 0.002316
292100 0.002315
292200 0.00231
292300 0.00262
292400 0.00233
292500 0.00226
292600 0.002292
292700 0.002555
292800 0.002271
292900 0.002274
293000 0.002353
293100 0.002334
293200 0.002388
293300 0.002274
293400 0.00231
293500 0.002271
293600 0.002638
293700 0.002235
293800 0.002376
293900 0.002445
294000 0.002342
294100 0.002484
294200 0.002265
294300 0.002313
294400 0.002388
294500 0.002216
294600 0.002231
294700 0.002268
294800 0.002487
294900 0.002645
295000 0.00225
295100 0.002377
295200 0.002241
295300 0.002306
295400 0.002315
295500 0.002481
295600 0.002449
295700 0.002281
295800 0.002312
295900 0.002332
296000 0.002211
296100 0.002483
296200 0.002398
296300 0.002258
296400 0.002296
296500 0.002351
296600 0.002298
296700 0.002464
296800 0.002191
296900 0.002373
297000 0.002386
297100 0.002637
297200 0.002329
297300 0.002262
297400 0.0025
297500 0.002294
297600 0.002252
297700 0.002359
297800 0.002205
297900 0.002272
298000 0.00243
298100 0.002309
298200 0.002287
298300 0.002297
298400 0.002622
298500 0.002323
298600 0.002291
298700 0.002279
298800 0.002267
298900 0.002346
299000 0.002293
299100 0.002269
299200 0.002334
299300 0.002314
299400 0.002334
299500 0.002342
299600 0.002286
299700 0.00254
299800 0.002269
299900 0.002244
300000 0.002215
300100 0.002331
300200 0.002378
300300 0.002321
300400 0.00231
300500 0.002348
300600 0.002422
300700 0.002287
300800 0.002334
300900 0.002433
301000 0.002293
301100 0.002571
301200 0.002336
301300 0.002309
301400 0.002241
301500 0.002385
301600 0.002309
301700 0.00224
301800 0.002449
301900 0.002232
302000 0.002456
302100 0.002326
302200 0.002303
302300 0.002304
302400 0.00238
302500 0.002284
302600 0.003134
302700 0.002351
302800 0.002331
302900 0.002366
303000 0.002205
303100 0.002549
303200 0.002444
303300 0.002386
303400 0.002247
303500 0.002359
303600 0.002295
303700 0.002605
303800 0.002403
303900 0.002291
304000 0.003133
304100 0.002282
304200 0.002318
304300 0.002269
304400 0.002288
304500 0.002358
304600 0.002324
304700 0.002456
304800 0.002302
304900 0.002295
305000 0.002551
305100 0.002344
305200 0.002247
305300 0.002276
305400 0.002295
305500 0.002345
305600 0.002378
305700 0.002305
305800 0.002533
305900 0.002301
306000 0.002298
306100 0.002253
306200 0.002339
306300 0.002356
306400 0.002304
306500 0.002257
306600 0.002322
306700 0.002229
306800 0.002288
306900 0.002344
307000 0.002284
307100 0.002395
307200 0.002298
307300 0.002385
307400 0.002437
307500 0.002416
307600 0.002379
307700 0.002233
307800 0.002291
307900 0.002313
308000 0.00236
308100 0.002286
308200 0.002294
308300 0.002315
308400 0.002244
308500 0.002375
308600 0.002309
308700 0.002211
308800 0.00228
308900 0.002358
309000 0.00225
309100 0.002338
309200 0.002356
309300 0.00228
309400 0.002449
309500 0.002425
309600 0.002407
309700 0.002242
309800 0.002316
309900 0.002259
310000 0.002271
310100 0.002317
310200 0.002514
310300 0.002268
310400 0.002263
310500 0.002376
310600 0.002195
310700 0.002522
310800 0.002282
310900 0.002248
311000 0.002423
311100 0.002658
311200 0.002382
311300 0.002307
311400 0.002351
311500 0.002291
311600 0.002244
311700 0.002232
311800 0.002318
311900 0.002285
312000 0.002343
312100 0.002258
312200 0.00228
312300 0.002259
312400 0.00236
312500 0.002326
312600 0.00228
312700 0.002364
312800 0.002328
312900 0.002307
313000 0.002412
313100 0.002237
313200 0.002339
313300 0.002556
313400 0.002307
313500 0.002422
313600 0.002463
313700 0.002488
313800 0.002242
313900 0.002374
314000 0.002296
314100 0.002315
314200 0.002429
314300 0.002315
314400 0.00225
314500 0.002329
314600 0.002254
314700 0.002347
314800 0.00237
314900 0.002355
315000 0.002341
315100 0.002409
315200 0.002332
315300 0.002316
315400 0.002282
315500 0.00241
315600 0.002303
315700 0.002478
315800 0.002221
315900 0.002324
316000 0.00228
316100 0.002317
316200 0.002288
316300 0.002326
316400 0.002293
316500 0.002295
316600 0.002499
316700 0.002378
316800 0.002391
316900 0.002355
317000 0.002431
317100 0.00238
317200 0.002345
317300 0.002226
317400 0.002199
317500 0.002232
317600 0.00233
317700 0.00222
317800 0.002293
317900 0.002375
318000 0.003321
318100 0.002365
318200 0.002427
318300 0.002283
318400 0.002357
318500 0.002296
318600 0.002274
318700 0.002231
318800 0.002358
318900 0.002347
319000 0.002235
319100 0.002284
319200 0.002282
319300 0.002605
319400 0.003142
319500 0.002196
319600 0.002255
319700 0.002392
319800 0.00232
319900 0.002414
320000 0.002268
320100 0.002471
320200 0.002435
320300 0.002405
320400 0.002283
320500 0.002322
320600 0.002265
320700 0.002281
320800 0.002324
320900 0.002433
321000 0.002293
321100 0.002206
321200 0.002298
321300 0.002467
321400 0.002333
321500 0.002471
321600 0.002183
321700 0.002238
321800 0.002301
321900 0.002308
322000 0.002404
322100 0.002265
322200 0.002578
322300 0.0023
322400 0.002334
322500 0.00231
322600 0.002307
322700 0.002307
322800 0.002288
322900 0.002422
323000 0.002224
323100 0.002298
323200 0.00231
323300 0.002184
323400 0.002473
323500 0.00227
323600 0.002339
323700 0.002335
323800 0.002324
323900 0.00235
324000 0.002305
324100 0.002372
324200 0.002339
324300 0.002308
324400 0.002288
324500 0.002289
324600 0.002341
324700 0.002347
324800 0.002609
324900 0.002391
325000 0.002268
325100 0.002275
325200 0.00233
325300 0.002445
325400 0.002308
325500 0.002308
325600 0.002322
325700 0.002218
325800 0.002244
325900 0.002313
326000 0.002321
326100 0.002371
326200 0.00234
326300 0.002377
326400 0.002258
326500 0.002242
326600 0.002273
326700 0.002322
326800 0.002298
326900 0.00348
327000 0.002235
327100 0.002212
327200 0.002443
327300 0.00237
327400 0.002336
327500 0.002251
327600 0.00238
327700 0.00243
327800 0.002805
327900 0.002314
328000 0.002355
328100 0.002358
328200 0.002337
328300 0.002325
328400 0.002252
328500 0.002337
328600 0.002401
328700 0.002288
328800 0.002214
328900 0.002345
329000 0.002351
329100 0.002341
329200 0.00229
329300 0.002272
329400 0.002329
329500 0.002306
329600 0.00232
329700 0.002286
329800 0.002357
329900 0.002434
330000 0.002266
330100 0.002303
330200 0.002236
330300 0.0023
330400 0.002464
330500 0.002308
330600 0.002412
330700 0.002338
330800 0.003545
330900 0.002316
331000 0.002295
331100 0.002366
331200 0.002306
331300 0.002236
331400 0.00221
331500 0.002328
331600 0.002249
331700 0.002305
331800 0.002311
331900 0.002426
332000 0.002312
332100 0.002368
332200 0.0023
332300 0.002292
332400 0.002301
332500 0.002245
332600 0.00235
332700 0.002443
332800 0.002359
332900 0.002305
333000 0.002282
333100 0.002386
333200 0.00235
333300 0.002337
333400 0.002156
333500 0.00223
333600 0.002614
333700 0.002232
333800 0.002341
333900 0.002275
334000 0.002342
334100 0.002366
334200 0.002289
334300 0.002377
334400 0.00233
334500 0.00236
334600 0.002234
334700 0.002367
334800 0.002309
334900 0.002332
335000 0.002234
335100 0.002324
335200 0.002293
335300 0.002225
335400 0.002302
335500 0.002339
335600 0.002441
335700 0.002382
335800 0.002305
335900 0.002389
336000 0.002296
336100 0.002333
336200 0.002273
336300 0.00231
336400 0.002311
336500 0.002433
336600 0.002403
336700 0.002263
336800 0.002328
336900 0.00231
337000 0.002297
337100 0.002273
337200 0.002326
337300 0.002323
337400 0.002376
337500 0.002481
337600 0.002366
337700 0.002336
337800 0.002341
337900 0.002249
338000 0.002292
338100 0.002462
338200 0.002376
338300 0.002275
338400 0.002241
338500 0.00235
338600 0.002364
338700 0.002517
338800 0.002355
338900 0.002343
339000 0.002294
339100 0.002484
339200 0.002345
339300 0.002269
339400 0.002283
339500 0.002504
339600 0.002342
339700 0.002241
339800 0.002357
339900 0.002367
340000 0.002338
340100 0.002212
340200 0.00259
340300 0.002291
340400 0.002264
340500 0.002235
340600 0.0023
340700 0.002272
340800 0.002314
340900 0.002313
341000 0.002308
341100 0.002523
341200 0.002479
341300 0.002365
341400 0.002223
341500 0.00247
341600 0.00222
341700 0.002262
341800 0.002277
341900 0.002331
342000 0.002323
342100 0.002266
342200 0.002298
342300 0.002314
342400 0.00248
342500 0.002302
342600 0.002299
342700 0.002393
342800 0.002425
342900 0.0024
343000 0.002306
343100 0.002308
343200 0.002282
343300 0.002359
343400 0.002264
343500 0.002252
343600 0.002512
343700 0.002273
343800 0.002314
343900 0.00234
344000 0.002515
344100 0.00234
344200 0.002333
344300 0.002265
344400 0.002255
344500 0.002295
344600 0.002201
344700 0.002261
344800 0.002319
344900 0.002394
345000 0.002288
345100 0.002243
345200 0.002313
345300 0.002406
345400 0.002292
345500 0.002219
345600 0.00237
345700 0.002224
345800 0.002451
345900 0.002321
346000 0.002566
346100 0.002333
346200 0.002314
346300 0.00228
346400 0.002384
346500 0.002406
346600 0.00229
346700 0.002297
346800 0.002385
346900 0.002318
347000 0.002301
347100 0.00221
347200 0.002455
347300 0.00224
347400 0.002496
347500 0.002341
347600 0.002372
347700 0.00325
347800 0.002334
347900 0.002328
348000 0.002347
348100 0.002221
348200 0.002235
348300 0.003205
348400 0.002445
348500 0.002306
348600 0.002361
348700 0.002314
348800 0.00231
348900 0.00231
349000 0.002326
349100 0.002292
349200 0.00237
349300 0.002238
349400 0.002204
349500 0.002326
349600 0.002295
349700 0.002413
349800 0.002316
349900 0.002248
350000 0.00232
350100 0.002345
350200 0.002282
350300 0.002639
350400 0.002326
350500 0.002384
350600 0.00224
350700 0.002474
350800 0.002659
350900 0.00244
351000 0.002405
351100 0.00235
351200 0.002343
351300 0.002399
351400 0.002304
351500 0.002357
351600 0.00242
351700 0.00239
351800 0.002301
351900 0.002298
352000 0.002366
352100 0.002358
352200 0.002276
352300 0.002217
352400 0.002301
352500 0.00233
352600 0.002342
352700 0.002256
352800 0.002329
352900 0.002307
353000 0.002254
353100 0.002274
353200 0.002379
353300 0.002345
353400 0.00239
353500 0.00231
353600 0.002423
353700 0.002328
353800 0.00233
353900 0.002319
354000 0.002297
354100 0.002292
354200 0.002318
354300 0.002341
354400 0.002291
354500 0.00231
354600 0.002334
354700 0.002309
354800 0.002361
354900 0.002172
355000 0.002394
355100 0.002361
355200 0.002233
355300 0.00241
355400 0.002212
355500 0.00232
355600 0.002387
355700 0.002365
355800 0.002447
355900 0.002289
356000 0.002265
356100 0.00235
356200 0.002334
356300 0.002324
356400 0.002311
356500 0.002235
356600 0.002301
356700 0.002301
356800 0.002499
356900 0.002345
357000 0.00231
357100 0.002271
357200 0.002278
357300 0.00233
357400 0.00227
357500 0.002238
357600 0.00235
357700 0.002349
357800 0.00224
357900 0.002258
358000 0.002351
358100 0.002273
358200 0.002271
358300 0.002213
358400 0.00227
358500 0.002372
358600 0.00227
358700 0.002214
358800 0.002301
358900 0.002269
359000 0.002273
359100 0.002422
359200 0.002365
359300 0.002329
359400 0.002332
359500 0.002215
359600 0.002234
359700 0.002235
359800 0.002554
359900 0.002278
360000 0.002317
360100 0.002418
360200 0.002321
360300 0.002206
360400 0.002316
360500 0.002303
360600 0.00233
360700 0.002257
360800 0.002368
360900 0.00232
361000 0.002301
361100 0.002291
361200 0.002313
361300 0.002548
361400 0.002301
361500 0.002257
361600 0.002338
361700 0.00246
361800 0.002313
361900 0.002273
362000 0.002978
362100 0.002283
362200 0.002324
362300 0.002365
362400 0.002271
362500 0.002336
362600 0.00249
362700 0.002216
362800 0.002294
362900 0.002492
363000 0.002265
363100 0.00224
363200 0.002386
363300 0.002306
363400 0.002299
363500 0.002435
363600 0.00224
363700 0.002293
363800 0.00224
363900 0.002413
364000 0.002239
364100 0.002297
364200 0.002314
364300 0.002469
364400 0.00238
364500 0.00233
364600 0.002236
364700 0.002221
364800 0.002292
364900 0.002457
365000 0.002319
365100 0.002492
365200 0.002307
365300 0.002377
365400 0.00228
365500 0.002363
365600 0.002319
365700 0.002339
365800 0.002256
365900 0.002298
366000 0.002563
366100 0.00225
366200 0.002334
366300 0.002308
366400 0.002329
366500 0.002338
366600 0.002268
366700 0.002207
366800 0.002312
366900 0.002278
367000 0.00231
367100 0.002263
367200 0.002305
367300 0.002371
367400 0.002255
367500 0.002274
367600 0.002311
367700 0.00229
367800 0.002222
367900 0.002339
368000 0.002171
368100 0.002236
368200 0.002341
368300 0.002297
368400 0.002343
368500 0.002308
368600 0.002302
368700 0.002373
368800 0.002347
368900 0.002277
369000 0.002311
369100 0.002292
369200 0.002271
369300 0.002405
369400 0.002398
369500 0.002272
369600 0.002398
369700 0.002412
369800 0.002334
369900 0.002312
370000 0.002244
370100 0.002287
370200 0.002175
370300 0.002176
370400 0.002203
370500 0.002305
370600 0.002229
370700 0.002226
370800 0.002445
370900 0.002212
371000 0.002232
371100 0.002984
371200 0.002287
371300 0.002283
371400 0.00235
371500 0.00226
371600 0.002306
371700 0.002228
371800 0.002285
371900 0.002411
372000 0.002304
372100 0.002307
372200 0.002495
372300 0.002276
372400 0.002425
372500 0.002264
372600 0.002284
372700 0.002347
372800 0.002335
372900 0.002404
373000 0.002301
373100 0.002216
373200 0.002391
373300 0.002353
373400 0.00233
373500 0.002436
373600 0.002307
373700 0.002377
373800 0.002235
373900 0.002232
374000 0.002187
374100 0.002613
374200 0.002199
374300 0.0022
374400 0.002392
374500 0.002296
374600 0.002295
374700 0.00233
374800 0.002238
374900 0.002247
375000 0.002264
375100 0.002249
375200 0.002182
375300 0.002346
375400 0.002304
375500 0.002206
375600 0.002233
375700 0.002413
375800 0.002312
375900 0.002333
376000 0.002328
376100 0.002291
376200 0.002222
376300 0.003126
376400 0.002295
376500 0.002377
376600 0.002218
376700 0.002348
376800 0.002405
376900 0.002485
377000 0.00229
377100 0.002411
377200 0.00223
377300 0.002268
377400 0.00239
377500 0.002295
377600 0.003185
377700 0.002197
377800 0.002402
377900 0.002233
378000 0.002329
378100 0.002227
378200 0.002301
378300 0.002366
378400 0.002386
378500 0.002288
378600 0.002193
378700 0.002285
378800 0.002424
378900 0.002355
379000 0.002281
379100 0.002267
379200 0.002427
379300 0.002299
379400 0.002328
379500 0.002233
379600 0.002514
379700 0.002251
379800 0.002258
379900 0.002329
380000 0.002343
380100 0.002397
380200 0.002466
380300 0.002343
380400 0.002385
380500 0.002355
380600 0.002291
380700 0.002382
380800 0.002303
380900 0.002273
381000 0.002268
381100 0.002277
381200 0.002744
381300 0.002355
381400 0.002277
381500 0.002327
381600 0.002311
381700 0.002258
381800 0.002281
381900 0.002329
382000 0.002573
382100 0.002253
382200 0.002269
382300 0.002316
382400 0.002423
382500 0.002296
382600 0.002268
382700 0.003154
382800 0.002312
382900 0.002374
383000 0.002257
383100 0.002527
383200 0.002244
383300 0.002463
383400 0.002357
383500 0.002347
383600 0.002391
383700 0.002294
383800 0.002273
383900 0.00234
384000 0.002358
384100 0.002538
384200 0.00228
384300 0.002415
384400 0.002333
384500 0.0023
384600 0.002246
384700 0.002263
384800 0.002437
384900 0.002466
385000 0.002293
385100 0.002314
385200 0.002307
385300 0.002372
385400 0.002253
385500 0.002359
385600 0.002293
385700 0.002309
385800 0.002282
385900 0.002255
386000 0.002277
386100 0.002374
386200 0.002195
386300 0.00232
386400 0.002272
386500 0.002476
386600 0.002235
386700 0.002365
386800 0.002233
386900 0.002366
387000 0.002348
387100 0.002236
387200 0.002356
387300 0.002295
387400 0.00239
387500 0.002543
387600 0.00214
387700 0.002254
387800 0.002419
387900 0.002306
388000 0.002248
388100 0.002415
388200 0.002375
388300 0.002351
388400 0.002405
388500 0.00218
388600 0.002341
388700 0.002277
388800 0.002233
388900 0.002168
389000 0.002671
389100 0.002385
389200 0.002313
389300 0.002311
389400 0.002276
389500 0.002291
389600 0.002236
389700 0.002276
389800 0.002356
389900 0.002256
390000 0.002317
390100 0.002308
390200 0.002326
390300 0.002415
390400 0.002264
390500 0.002352
390600 0.002228
390700 0.002374
390800 0.002272
390900 0.00226
391000 0.002263
391100 0.002285
391200 0.002363
391300 0.002317
391400 0.002333
391500 0.002231
391600 0.002364
391700 0.002453
391800 0.002232
391900 0.002346
392000 0.002328
392100 0.002386
392200 0.002385
392300 0.002378
392400 0.00227
392500 0.002427
392600 0.002224
392700 0.002343
392800 0.002322
392900 0.002326
393000 0.00228
393100 0.002225
393200 0.002224
393300 0.002369
393400 0.002495
393500 0.002469
393600 0.002398
393700 0.002189
393800 0.002425
393900 0.002334
394000 0.002835
394100 0.002311
394200 0.002229
394300 0.002313
394400 0.002355
394500 0.002298
394600 0.002271
394700 0.002336
394800 0.002277
394900 0.002279
395000 0.002288
395100 0.002445
395200 0.002206
395300 0.002284
395400 0.002241
395500 0.002287
395600 0.002317
395700 0.002294
395800 0.002339
395900 0.002345
396000 0.002198
396100 0.002319
396200 0.002296
396300 0.002358
396400 0.002378
396500 0.00264
396600 0.002274
396700 0.002474
396800 0.002301
396900 0.002275
397000 0.002292
397100 0.003536
397200 0.002223
397300 0.002265
397400 0.002458
397500 0.002253
397600 0.002336
397700 0.00229
397800 0.002364
397900 0.002288
398000 0.002327
398100 0.002222
398200 0.002332
398300 0.002303
398400 0.002309
398500 0.002278
398600 0.002324
398700 0.002267
398800 0.002248
398900 0.002236
399000 0.002283
399100 0.002273
399200 0.002228
399300 0.002266
399400 0.002315
399500 0.002354
399600 0.002411
399700 0.002597
399800 0.002304
399900 0.00223
400000 0.002303
400100 0.002288
400200 0.002234
400300 0.002323
400400 0.002252
400500 0.002353
400600 0.002248
400700 0.002288
400800 0.002303
400900 0.002504
401000 0.002283
401100 0.002289
401200 0.002313
401300 0.002205
401400 0.002366
401500 0.002183
401600 0.002522
401700 0.002218
401800 0.002296
401900 0.002287
402000 0.002412
402100 0.002402
402200 0.002293
402300 0.003386
402400 0.002226
402500 0.002301
402600 0.00236
402700 0.002242
402800 0.002316
402900 0.002452
403000 0.002441
403100 0.002305
403200 0.00231
403300 0.002395
403400 0.002304
403500 0.002317
403600 0.002285
403700 0.002299
403800 0.002273
403900 0.00251
404000 0.002303
404100 0.002287
404200 0.002433
404300 0.002278
404400 0.002374
404500 0.002214
404600 0.002279
404700 0.002284
404800 0.002392
404900 0.003913
405000 0.002555
405100 0.003204
405200 0.002392
405300 0.002287
405400 0.002237
405500 0.002308
405600 0.002293
405700 0.00227
405800 0.002204
405900 0.002271
406000 0.002231
406100 0.002261
406200 0.002423
406300 0.002399
406400 0.002309
406500 0.002519
406600 0.002447
406700 0.002285
406800 0.002304
406900 0.002284
407000 0.002328
407100 0.002263
407200 0.002316
407300 0.002417
407400 0.002286
407500 0.002213
407600 0.002354
407700 0.0022
407800 0.002437
407900 0.002278
408000 0.002433
408100 0.002298
408200 0.00238
408300 0.002305
408400 0.002346
408500 0.002197
408600 0.00231
408700 0.002254
408800 0.002337
408900 0.002391
409000 0.002315
409100 0.002282
409200 0.002433
409300 0.002251
409400 0.002221
409500 0.00234
409600 0.002282
409700 0.002261
409800 0.002246
409900 0.00243
410000 0.002326
410100 0.002295
410200 0.002307
410300 0.002426
410400 0.002358
410500 0.002218
410600 0.002342
410700 0.00234
410800 0.002205
410900 0.002386
411000 0.002233
411100 0.002425
411200 0.002362
411300 0.002305
411400 0.002383
411500 0.002292
411600 0.002286
411700 0.002326
411800 0.002305
411900 0.002338
412000 0.002314
412100 0.00226
412200 0.002421
412300 0.002424
412400 0.00233
412500 0.002236
412600 0.002337
412700 0.002188
412800 0.002242
412900 0.002355
413000 0.002282
413100 0.002346
413200 0.002363
413300 0.002341
413400 0.002269
413500 0.002278
413600 0.002731
413700 0.002338
413800 0.002338
413900 0.002212
414000 0.002244
414100 0.002236
414200 0.002252
414300 0.002269
414400 0.002423
414500 0.002248
414600 0.002231
414700 0.002381
414800 0.00224
414900 0.002279
415000 0.002439
415100 0.002304
415200 0.002342
415300 0.002286
415400 0.002456
415500 0.002492
415600 0.002351
415700 0.002242
415800 0.00242
415900 0.002361
416000 0.002288
416100 0.002452
416200 0.002353
416300 0.002304
416400 0.002275
416500 0.002316
416600 0.002264
416700 0.002364
416800 0.00259
416900 0.00231
417000 0.00236
417100 0.002402
417200 0.002333
417300 0.002261
417400 0.002276
417500 0.00236
417600 0.002298
417700 0.002302
417800 0.00228
417900 0.002191
418000 0.002286
418100 0.002382
418200 0.002333
418300 0.002317
418400 0.0023
418500 0.002184
418600 0.0022
418700 0.002251
418800 0.002618
418900 0.002301
419000 0.002295
419100 0.002281
419200 0.002348
419300 0.002304
419400 0.002242
419500 0.002455
419600 0.002252
419700 0.002308
419800 0.002392
419900 0.002371
420000 0.002265
420100 0.002335
420200 0.002378
420300 0.00237
420400 0.002207
420500 0.002219
420600 0.002249
420700 0.00238
420800 0.002361
420900 0.002261
421000 0.00245
421100 0.002287
421200 0.002216
421300 0.002207
421400 0.002247
421500 0.002291
421600 0.002326
421700 0.002321
421800 0.002486
421900 0.002308
422000 0.002216
422100 0.002538
422200 0.002353
422300 0.002247
422400 0.00224
422500 0.002238
422600 0.002277
422700 0.00224
422800 0.002403
422900 0.002492
423000 0.002453
423100 0.002297
423200 0.003142
423300 0.002396
423400 0.00228
423500 0.002385
423600 0.00228
423700 0.002357
423800 0.002288
423900 0.002273
424000 0.002313
424100 0.002311
424200 0.002436
424300 0.002275
424400 0.002352
424500 0.002283
424600 0.002241
424700 0.002216
424800 0.002331
424900 0.002228
425000 0.002256
425100 0.002188
425200 0.002417
425300 0.002345
425400 0.002291
425500 0.002421
425600 0.003065
425700 0.002334
425800 0.002224
425900 0.002496
426000 0.002284
426100 0.002318
426200 0.002182
426300 0.002241
426400 0.002258
426500 0.002366
426600 0.002311
426700 0.00224
426800 0.002287
426900 0.002325
427000 0.002318
427100 0.002264
427200 0.002293
427300 0.002425
427400 0.002317
427500 0.002215
427600 0.00234
427700 0.002369
427800 0.002413
427900 0.002248
428000 0.003195
428100 0.002263
428200 0.002598
428300 0.002262
428400 0.002337
428500 0.002292
428600 0.002233
428700 0.002293
428800 0.002377
428900 0.002241
429000 0.00228
429100 0.002221
429200 0.00233
429300 0.002273
429400 0.002188
429500 0.002296
429600 0.002351
429700 0.002289
429800 0.002284
429900 0.002468
430000 0.00247
430100 0.002309
430200 0.002375
430300 0.002275
430400 0.002395
430500 0.002348
430600 0.002624
430700 0.002229
430800 0.002274
430900 0.002287
431000 0.002554
431100 0.002295
431200 0.002263
431300 0.002323
431400 0.002285
431500 0.002205
431600 0.002288
431700 0.002346
431800 0.002196
431900 0.002284
432000 0.002327
432100 0.002499
432200 0.002416
432300 0.002436
432400 0.002245
432500 0.002277
432600 0.002325
432700 0.002363
432800 0.002626
432900 0.002289
433000 0.0023
433100 0.002273
433200 0.002403
433300 0.002288
433400 0.002197
433500 0.002375
433600 0.002351
433700 0.002275
433800 0.002424
433900 0.002416
434000 0.002273
434100 0.002386
434200 0.00224
434300 0.002295
434400 0.002443
434500 0.002292
434600 0.002317
434700 0.002304
434800 0.002262
434900 0.00228
435000 0.002452
435100 0.002386
435200 0.002236
435300 0.002368
435400 0.002242
435500 0.002237
435600 0.002265
435700 0.00234
435800 0.002201
435900 0.002311
436000 0.002209
436100 0.002361
436200 0.002357
436300 0.002388
436400 0.002408
436500 0.002241
436600 0.002418
436700 0.002264
436800 0.002927
436900 0.002384
437000 0.002286
437100 0.002278
437200 0.002411
437300 0.002238
437400 0.002319
437500 0.00234
437600 0.002272
437700 0.002302
437800 0.002376
437900 0.002434
438000 0.002239
438100 0.00229
438200 0.002617
438300 0.002391
438400 0.002263
438500 0.002276
438600 0.002503
438700 0.002277
438800 0.002322
438900 0.002498
439000 0.002285
439100 0.002245
439200 0.002214
439300 0.002324
439400 0.002298
439500 0.002315
439600 0.002381
439700 0.002359
439800 0.002373
439900 0.002303
440000 0.002478
440100 0.002289
440200 0.002338
440300 0.002319
440400 0.002291
440500 0.002326
440600 0.002276
440700 0.00222
440800 0.002178
440900 0.002377
441000 0.003224
441100 0.002347
441200 0.002365
441300 0.002414
441400 0.002297
441500 0.002258
441600 0.002302
441700 0.002275
441800 0.002403
441900 0.00223
442000 0.002284
442100 0.00235
442200 0.00241
442300 0.002365
442400 0.002258
442500 0.00233
442600 0.002233
442700 0.002284
442800 0.00233
442900 0.002296
443000 0.002239
443100 0.0023
443200 0.002254
443300 0.002301
443400 0.002262
443500 0.0023
443600 0.002573
443700 0.002381
443800 0.002239
443900 0.002323
444000 0.002287
444100 0.002298
444200 0.002232
444300 0.002561
444400 0.002447
444500 0.002495
444600 0.002281
444700 0.002235
444800 0.002341
444900 0.002346
445000 0.002259
445100 0.002195
445200 0.002246
445300 0.0023
445400 0.002457
445500 0.002266
445600 0.002335
445700 0.002322
445800 0.00234
445900 0.002223
446000 0.00228
446100 0.002373
446200 0.002296
446300 0.003191
446400 0.002186
446500 0.002255
446600 0.002471
446700 0.002303
446800 0.002278
446900 0.002327
447000 0.002246
447100 0.002209
447200 0.002433
447300 0.002254
447400 0.002316
447500 0.002367
447600 0.002314
447700 0.002379
447800 0.002338
447900 0.002346
448000 0.002222
448100 0.00233
448200 0.00221
448300 0.002336
448400 0.002331
448500 0.00229
448600 0.002385
448700 0.002416
448800 0.002424
448900 0.002232
449000 0.00231
449100 0.002295
449200 0.002287
449300 0.002594
449400 0.002356
449500 0.002282
449600 0.002168
449700 0.002377
449800 0.002212
449900 0.002238
450000 0.002423
450100 0.002238
450200 0.00231
450300 0.002976
450400 0.002282
450500 0.002265
450600 0.00235
450700 0.002358
450800 0.002263
450900 0.002336
451000 0.002385
451100 0.002337
451200 0.002297
451300 0.002263
451400 0.002302
451500 0.002283
451600 0.002263
451700 0.002504
451800 0.002476
451900 0.002235
452000 0.002262
452100 0.002422
452200 0.002245
452300 0.002228
452400 0.002309
452500 0.00238
452600 0.003466
452700 0.002348
452800 0.002373
452900 0.002209
453000 0.002303
453100 0.002283
453200 0.002294
453300 0.00224
453400 0.002368
453500 0.002329
453600 0.002476
453700 0.002267
453800 0.002191
453900 0.002225
454000 0.002329
454100 0.002188
454200 0.002296
454300 0.002279
454400 0.002333
454500 0.002224
454600 0.002308
454700 0.002242
454800 0.002371
454900 0.002424
455000 0.002193
455100 0.002336
455200 0.002392
455300 0.002387
455400 0.002336
455500 0.002409
455600 0.002285
455700 0.0023
455800 0.002226
455900 0.002301
456000 0.002261
456100 0.002266
456200 0.00219
456300 0.002273
456400 0.002274
456500 0.002412
456600 0.002317
456700 0.002319
456800 0.002324
456900 0.002265
457000 0.002198
457100 0.002442
457200 0.002395
457300 0.002226
457400 0.002355
457500 0.002263
457600 0.002199
457700 0.002373
457800 0.002292
457900 0.00228
458000 0.002201
458100 0.002351
458200 0.002324
458300 0.002368
458400 0.002262
458500 0.002465
458600 0.002269
458700 0.002296
458800 0.002354
458900 0.002276
459000 0.002214
459100 0.002396
459200 0.002474
459300 0.002287
459400 0.002161
459500 0.002385
459600 0.002327
459700 0.002287
459800 0.002275
459900 0.002275
460000 0.002424
460100 0.002202
460200 0.002329
460300 0.002298
460400 0.002266
460500 0.002181
460600 0.002418
460700 0.002277
460800 0.002319
460900 0.002244
461000 0.002381
461100 0.002248
461200 0.002182
461300 0.002355
461400 0.002305
461500 0.002238
461600 0.002265
461700 0.002314
461800 0.002281
461900 0.002363
462000 0.002681
462100 0.002298
462200 0.002176
462300 0.002297
462400 0.002289
462500 0.002288
462600 0.002304
462700 0.002265
462800 0.002397
462900 0.002226
463000 0.00243
463100 0.002249
463200 0.002317
463300 0.002313
463400 0.002312
463500 0.00231
463600 0.002236
463700 0.002287
463800 0.002244
463900 0.002378
464000 0.00227
464100 0.002274
464200 0.002168
464300 0.002293
464400 0.00227
464500 0.003811
464600 0.002331
464700 0.002253
464800 0.002322
464900 0.002357
465000 0.00233
465100 0.003136
465200 0.002294
465300 0.002254
465400 0.002306
465500 0.002345
465600 0.00228
465700 0.002275
465800 0.003825
465900 0.002243
466000 0.002422
466100 0.002359
466200 0.0023
466300 0.002208
466400 0.002321
466500 0.002258
466600 0.002431
466700 0.002331
466800 0.002616
466900 0.002443
467000 0.002326
467100 0.002354
467200 0.002324
467300 0.002247
467400 0.002285
467500 0.00232
467600 0.002232
467700 0.002334
467800 0.002375
467900 0.002281
468000 0.002284
468100 0.002257
468200 0.002575
468300 0.002344
468400 0.00231
468500 0.002274
468600 0.002269
468700 0.002317
468800 0.002226
468900 0.002376
469000 0.002234
469100 0.002272
469200 0.002289
469300 0.00227
469400 0.002267
469500 0.002278
469600 0.002415
469700 0.002283
469800 0.002279
469900 0.00339
470000 0.002324
470100 0.002155
470200 0.002389
470300 0.002328
470400 0.002305
470500 0.002167
470600 0.002406
470700 0.002263
470800 0.002193
470900 0.002223
471000 0.002328
471100 0.002216
471200 0.002259
471300 0.003081
471400 0.002203
471500 0.00236
471600 0.002233
471700 0.002298
471800 0.002237
471900 0.002351
472000 0.002407
472100 0.002181
472200 0.002254
472300 0.002401
472400 0.00219
472500 0.002275
472600 0.002273
472700 0.002317
472800 0.002384
472900 0.002248
473000 0.00245
473100 0.002287
473200 0.002267
473300 0.002414
473400 0.002326
473500 0.00228
473600 0.002286
473700 0.002334
473800 0.002268
473900 0.002276
474000 0.002318
474100 0.002306
474200 0.002268
474300 0.0022
474400 0.002385
474500 0.002269
474600 0.002261
474700 0.002185
474800 0.002357
474900 0.002236
475000 0.002312
475100 0.002417
475200 0.002217
475300 0.002323
475400 0.002309
475500 0.002314
475600 0.00227
475700 0.002238
475800 0.002389
475900 0.002387
476000 0.002276
476100 0.002309
476200 0.002232
476300 0.002215
476400 0.00228
476500 0.002405
476600 0.002266
476700 0.002137
476800 0.002366
476900 0.002196
477000 0.002188
477100 0.00227
477200 0.00342
477300 0.002454
477400 0.002229
477500 0.002369
477600 0.00228
477700 0.002294
477800 0.002176
477900 0.002374
478000 0.002304
478100 0.002226
478200 0.002295
478300 0.002202
478400 0.002188
478500 0.002484
478600 0.00225
478700 0.002193
478800 0.002341
478900 0.004384
479000 0.002279
479100 0.002285
479200 0.00236
479300 0.002247
479400 0.002242
479500 0.002321
479600 0.002345
479700 0.002325
479800 0.002349
479900 0.002672
480000 0.002242
480100 0.002267
480200 0.002199
480300 0.002294
480400 0.002239
480500 0.00233
480600 0.002409
480700 0.002231
480800 0.00226
480900 0.002305
481000 0.002285
481100 0.002282
481200 0.00231
481300 0.002224
481400 0.002544
481500 0.002356
481600 0.002389
481700 0.002676
481800 0.002291
481900 0.002344
482000 0.002351
482100 0.002306
482200 0.00226
482300 0.002276
482400 0.002243
482500 0.002291
482600 0.00225
482700 0.002256
482800 0.002341
482900 0.00223
483000 0.002294
483100 0.002278
483200 0.002254
483300 0.002298
483400 0.002325
483500 0.00225
483600 0.002302
483700 0.002204
483800 0.002257
483900 0.002241
484000 0.002283
484100 0.002267
484200 0.002304
484300 0.002262
484400 0.002233
484500 0.002245
484600 0.002205
484700 0.002437
484800 0.002256
484900 0.002345
485000 0.002304
485100 0.002282
485200 0.002355
485300 0.002331
485400 0.002501
485500 0.002221
485600 0.002291
485700 0.002293
485800 0.002221
485900 0.002535
486000 0.002184
486100 0.002286
486200 0.002227
486300 0.002324
486400 0.002426
486500 0.002251
486600 0.003741
486700 0.002262
486800 0.002247
486900 0.002277
487000 0.00224
487100 0.002535
487200 0.002295
487300 0.002291
487400 0.002374
487500 0.002305
487600 0.002253
487700 0.002303
487800 0.002322
487900 0.00223
488000 0.002326
488100 0.003132
488200 0.002329
488300 0.002358
488400 0.002299
488500 0.002369
488600 0.002309
488700 0.002319
488800 0.002285
488900 0.002155
489000 0.002363
489100 0.002273
489200 0.002457
489300 0.002306
489400 0.002345
489500 0.002438
489600 0.002298
489700 0.002244
489800 0.002506
489900 0.002252
490000 0.002401
490100 0.002377
490200 0.002363
490300 0.002318
490400 0.002321
490500 0.002252
490600 0.002254
490700 0.002305
490800 0.002384
490900 0.002256
491000 0.00247
491100 0.002293
491200 0.002242
491300 0.00227
491400 0.002375
491500 0.002303
491600 0.002485
491700 0.002253
491800 0.002406
491900 0.002248
492000 0.002331
492100 0.002402
492200 0.002343
492300 0.002237
492400 0.002326
492500 0.002303
492600 0.002314
492700 0.002386
492800 0.002323
492900 0.002219
493000 0.002294
493100 0.002334
493200 0.002399
493300 0.002221
493400 0.002349
493500 0.00235
493600 0.002326
493700 0.002236
493800 0.002498
493900 0.002261
494000 0.002249
494100 0.002271
494200 0.002265
494300 0.002176
494400 0.002316
494500 0.002229
494600 0.002182
494700 0.002251
494800 0.002328
494900 0.003292
495000 0.00234
495100 0.002278
495200 0.002233
495300 0.002447
495400 0.002238
495500 0.002396
495600 0.002242
495700 0.002262
495800 0.00236
495900 0.00229
496000 0.002451
496100 0.00223
496200 0.002277
496300 0.002305
496400 0.002388
496500 0.002396
496600 0.002247
496700 0.002229
496800 0.002314
496900 0.002238
497000 0.002288
497100 0.002346
497200 0.002224
497300 0.002286
497400 0.002219
497500 0.002354
497600 0.002329
497700 0.002302
497800 0.002334
497900 0.002236
498000 0.002305
498100 0.002279
498200 0.002412
498300 0.002307
498400 0.002317
498500 0.002298
498600 0.002181
498700 0.002262
498800 0.002181
498900 0.00243
499000 0.002456
499100 0.002324
499200 0.002359
499300 0.002407
499400 0.002209
499500 0.00227
499600 0.002335
499700 0.002285
499800 0.002245
499900 0.002228
500000 0.002218
500100 0.002225
500200 0.002278
500300 0.00232
500400 0.002971
500500 0.002382
500600 0.002372
500700 0.002244
500800 0.002219
500900 0.002478
501000 0.002311
501100 0.002293
501200 0.002298
501300 0.002341
501400 0.002241
501500 0.002438
501600 0.002391
501700 0.002252
501800 0.002298
501900 0.002321
502000 0.002348
502100 0.002273
502200 0.002338
502300 0.002403
502400 0.002376
502500 0.002261
502600 0.002402
502700 0.002297
502800 0.00226
502900 0.002326
503000 0.002369
503100 0.002213
503200 0.00234
503300 0.002256
503400 0.002374
503500 0.002178
503600 0.002335
503700 0.00232
503800 0.002307
503900 0.002312
504000 0.00236
504100 0.002327
504200 0.002331
504300 0.002305
504400 0.003771
504500 0.002513
504600 0.00231
504700 0.002286
504800 0.002191
504900 0.002243
505000 0.002263
505100 0.00219
505200 0.002291
505300 0.002231
505400 0.002357
505500 0.002335
505600 0.002296
505700 0.002327
505800 0.002294
505900 0.002275
506000 0.002271
506100 0.002349
506200 0.002389
506300 0.002233
506400 0.00226
506500 0.002352
506600 0.002248
506700 0.002366
506800 0.002284
506900 0.00243
507000 0.002433
507100 0.002347
507200 0.00239
507300 0.002361
507400 0.002319
507500 0.002318
507600 0.002285
507700 0.002213
507800 0.002295
507900 0.002282
508000 0.002362
508100 0.00229
508200 0.00225
508300 0.002339
508400 0.002292
508500 0.002271
508600 0.002274
508700 0.002283
508800 0.002261
508900 0.002283
509000 0.002286
